Coarse mean Fine mean OWF mean Coarse std Fine std OWF std
T.. 762.566340372415 948.70235520459 763.884333879334 1.97282718945628 11.4660971163274 0.295382743482168
TST 512.566340374259 698.702355205279 513.884358826278 1.97282718945628 11.4660971163251 0.295382734765205
Ltot 453 536 853 0 0 0
Lint 374 447 726 0 0 0
LD 11.0487804878049 11.6521739130435 13.1230769230769 0 0 0
C 0.228048780487805 0.215942028985507 0.174519230769231 0 0 0
Tij 1.68336940479562 1.76996708060558 0.895526768908949 0.004355026908292 0.0213919722319541 0.000346286920846622
FCI 0.0195986753806251 0.0276588120795499 0.0128740201818333 0.00123204836648894 0.00345154717467923 0.000101594314714203
APL 2.05026536148211 2.79480942081304 2.05553723471445 0.00789130875776765 0.0458643884651942 0.00118152378041885
HR 2.57500756631295 3.25012070139345 2.6581402642948 0.0107301040951755 0.0166640708603653 0.00248235769309335
DR 0.759699188837253 1.30714117644104 0.839117356603914 0.0104368856979685 0.00948186148891495 0.00186701564181685
AMI 1.8153083774757 1.94297952495241 1.81902290769089 0.00336703210531522 0.0191798183721084 0.000712335728491006
ACR 0.501189520034928 0.395454748730931 0.480169571469869 0.00279687022668735 0.0034636856294944 0.000376233121726164
BC 3.14867117980712 2.88244870502832 3.09272703675902 0.0175823265902281 0.0211819008104247 0.00147735535105153
Cbar 0.310862085636122 0.294018011379683 0.24524525105845 0 0 0
TSTC 14.9444877364197 26.2710974732805 9.8342789465842 0.926867678325777 3.51083305123981 0.0797904851753271
TSTS 497.621852637839 672.431257731999 504.050079879694 2.41297157317282 8.81445156929923 0.256820243623688
